0.7
0.33475548
0.68809915
0.9270723
1.2240734
1.543435
1.2854655
0.94010663
1.2287723
1.191945
0.837257
0.5175303
0.16891778
0.42142582
0.71215963
0.35372823
0.7638878
0.43330896
0.33493635
0.19313754
0.6192666
0.2503141
0.15192936
0.085158445
0.41639075
0.07948652
0.23178165
0.41085345
0.78281975
0.7146703
0.53970486
0.13859433
0.38743427
0.33766243
0.048000842
0.31695676
0.7245033
1.0637093
0.89655536
0.7418629
0.285486
0.60481894
0.9899883
1.2321446
1.0600373
0.9225286
1.2289917
1.2663444
1.726503
1.5126157
1.5379262
1.3313023
1.392195
1.1145768
0.7314038
1.1721553
1.4765368
1.2222958
1.6393791
1.4458508
1.5990131
1.1932497
1.4235282
1.8453082
2.2031808
2.2935286
2.1653905
2.618608
2.7625706
3.009726
2.8762345
3.0420341
2.8410883
3.102608
3.0214515
3.531703
3.9948056
3.658597
4.0451727
3.6521907
3.5020087
3.4341588
2.9506764
3.0204062
3.193173
3.4008017
3.1432517
3.642906
3.4189613
3.612846
3.118548
3.3757935
2.9000733
3.3212905
3.2427368
3.7359176
3.9653697
3.5514357
3.6813183
3.4813895
3.8279161
4.021006
3.5141122
3.385586
3.9153037
4.375112
4.9003415
4.357161
3.9929185
4.0998387
3.6262748
3.0889893
3.3361616
3.1580346
2.7959783
3.1467702
3.310777
3.2861269
2.8633463
3.2009091
2.9706116
3.27634
3.2223341
3.1390212
3.5995066
3.586485
3.074681
2.551921
2.4998608
2.7519357
2.6173792
2.441772
2.3981793
1.8980404
2.2521248
2.4380097
2.3435168
2.6484623
3.1118937
3.0711935
3.4431474
3.8382912
3.5667639
3.3490672
3.0238528
3.469903
3.6554468
3.3983116
3.7863305
4.374319
3.9824226
3.810871
3.3036568
3.9202616
3.5304928
4.0726542
4.011855
4.048968
4.5291176
4.033605
4.5543246
3.9850636
3.677511
4.189747
4.0035963
4.1283746
4.281112
4.748949
4.6904936
4.136318
3.9801428
4.375561
4.8840985
4.8074927
5.3466535
4.720993
5.0441113
5.5054693
4.841291
4.2869163
4.1731787
3.5893538
3.5485682
4.038803
4.1646643
3.9058254
4.018067
3.973243
4.019165
4.1206975
4.657963
4.3121796
4.8043284
4.4497805
4.8708563
4.681444
5.288976
5.425194
5.9677134
5.378111
4.7768726
