0.5
0.060676616
0.13737579
0.05112479
0.12902737
0.2320607
0.31187254
0.25883526
0.2917706
0.20186925
0.2484184
0.2799044
0.3549414
0.3380108
0.37237358
0.3512416
0.39649788
0.4647144
0.36783645
0.27666214
0.21782643
0.10459683
0.07072978
0.16724691
0.124729216
0.17106184
0.22050878
0.2584613
0.2066038
0.30628332
0.39076212
0.32102937
0.3206692
0.39473587
0.3764943
0.41057152
0.49990872
0.6153447
0.64692175
0.5349942
0.50787807
0.5763282
0.6344435
0.6921975
0.669311
0.5831772
0.69631666
0.5576338
0.552362
0.5191212
0.52049875
0.6363968
0.64133435
0.53130543
0.6730859
0.52065283
0.5002288
0.37849808
0.5298915
0.63123703
0.7344186
0.8328973
