0.5
0.048094142
0.07824023
0.14117199
0.11610327
0.16492541
0.21002409
0.17002079
0.10512381
0.21182814
0.27169472
0.258835
0.26611426
0.3941717
0.2762193
0.16716465
0.15684621
0.2300939
0.3517539
0.49124056
0.54635227
0.4088872
0.35273284
0.31876445
0.24966255
0.39552003
0.30618742
0.18245783
0.1480444
0.31329253
0.30447072
0.27005327
0.42596024
0.26092508
0.26143488
0.3679366
0.37573746
0.3889597
0.3269053
0.22277096
0.34209538
0.16910933
0.3395347
0.5360979
0.48396906
0.6078398
0.4824978
0.49379623
0.70698816
0.5542534
0.3881545
0.24466622
0.019807622
0.22590306
0.27925256
0.42876917
0.58283293
0.6134655
0.46289903
0.55569714
0.6945314
0.7499932
0.7877384
0.9520002
0.77203244
0.7405393
0.5449561
0.5721406
0.7021178
0.78498083
0.9924712
1.0314748
1.094563
1.1207836
0.8883201
0.63369715
0.8361088
0.9547628
0.84000635
0.65036166
0.9143686
1.1217823
1.1462573
0.93020517
0.7221763
0.8996043
0.767219
0.6719684
0.5843273
0.6133892
0.8813439
1.1585085
1.0485065
1.1402429
1.3703042
1.6227369
1.5367271
1.5687943
1.5157305
1.7014699
1.7412329
